771
879
567
1896
620
2654
726
198
1082
1509
968
1724
1668
4404
147
3140
2760
1602
860
590
1464
564
1184
2081
89
915
580
1413
1246
1576
1696
3228
458
2628
382
1926
1581
1770
1322
2556
1936
2428
662
1924
1932
951
204
404
441
1146
3260
1392
1300
2858
2718
1137
244
1110
2240
2364
1848
2678
4663
1410
2164
1752
2880
2241
1390
356
918
438
2831
1586
1440
2054
1059
1874
1548
3992
89
970
1389
1105
1892
1296
3747
2184
512
2628
2394
992
5174
1132
1516
1032
2159
1907
2528
1256
3004
198
936
1587
2116
1236
450
366
1900
2914
1872
4376
725
816
1107
1057
2244
2384
1625
951
2172
1920
1696
2724
828
1225
1362
2469
2508
1143
980
414
1503
1062
450
1500
1946
120
2262
1278
402
247
489
3078
1250
412
510
3092
681
825
918
4317
718
345
1500
796
2052
3780
1420
1485
1225
4207
834
2636
948
916
1092
3293
310
2616
357
738
428
134
296
537
2328
880
558
634
1195
677
1042
1464
1410
1726
252
1052
1635
441
2367
776
421
1304
1068
1650
4344
482
3517
2458
1080
1800
1040
801
2720
2772
4368
381
3310
3468
1134
195
1842
865
3474
456
753
2592
1048
2173
1728
3900
389
2538
1107
2400
1270
2196
1026
276
912
1699
185
1907
2445
2268
499
1140
487
2293
4158
1528
1691
2324
788
1932
99
1233
3496
884
2081
898
732
2022
3649
4704
993
660
1476
564
1170
2202
2808
1828
264
1488
3315
157
912
4080
2738
558
4437
512
1145
944
1151
3277
1028
1051
393
4122
3276
2184
2340
1524
1094
3154
869
668
801
1026
1172
1860
1432
2786
3166
1470
1684
1238
1504
2137
1624
2112
3004
456
249
6150
81
2364
420
2663
1422
820
216
708
510
2004
1560
3365
296
2692
4386
1635
567
487
1228
528
1176
3386
3900
180
4044
2136
994
1166
2041
3445
2889
436
2078
1488
1656
2796
734
5319
1983
270
2650
1410
558
816
2394
398
4038
3173
2882
1295
1308
3660
1841
58
552
788
1808
3008
1164
455
2052
242
2064
174
1184
853
1106
468
2148
1452
1000
1068
931
1119
637
1372
942
180
1386
777
128
1547
3444
510
186
3904
1487
940
974
193
4344
1432
312
1332
3759
1460
358
1028
3212
4002
4160
3006
1212
609
576
1035
870
2100
1038
3528
354
407
928
1002
1232
564
894
1458
576
1097
2850
3852
426
242
1338
2073
1935
732
1236
3652
3588
573
1969
2824
704
1850
1268
1796
372
720
610
2771
1896
454
570
763
756
267
1705
472
1595
4115
513
1683
1188
3253
820
837
3445
1806
222
2310
358
1008
1446
480
1754
60
642
3252
4382
2293
1639
777
1275
1108
1320
2202
327
2084
1203
1248
1117
1254
2180
996
2094
3162
448
3929
1866
602
5307
2102
2368
2364
2832
1868
145
852
1504
3042
78
784
1327
330
4239
1944
2040
1448
1755
912
1548
512
2232
1076
618
2370
940
632
597
710
931
1650
1145
441
1170
345
1424
2732
575
2264
1260
1410
622
1300
3384
2185
572
1776
4160
3093
872
1658
1319
672
1660
3255
1168
1680
932
828
1293
1488
2622
1758
442
2640
1823
2382
986
484
1592
681
956
3930
1932
240
1557
1428
471
2112
1047
193
1203
278
283
149
276
1506
2148
400
524
1177
596
757
58
1812
720
2332
1749
2340
768
1070
925
2086
1677
2265
111
870
3072
3930
2490
3392
1088
951
1758
972
2760
2388
765
1116
2364
768
1572
852
657
2724
2514
1884
176
1327
417
1650
3140
1268
720
1466
214
1284
162
1286
3413
1797
667
5316
1983
174
2160
1761
3411
1365
532
5162
537
672
668
348
2908
2832
2042
2268
1604
2914
3117
4763
1572
722
840
1652
1774
1233
2673
1878
1586
2404
4346
1932
1700
486
513
1420
2720
1410
1284
734
2895
512
294
1020
2164
1096
1100
1224
2112
456
1651
3507
973
919
1800
3714
792
3474
1970
3324
2976
1416
1319
596
402
4044
558
2190
2872
3875
3411
2516
4533
678
1132
872
1988
748
1029
76
1284
1258
4526
2130
321
1350
383
672
2130
2112
478
1023
652
2127
1616
1649
1417
954
2706
2982
36
156
134
3136
2961
528
1998
720
628
3162
1252
541
185
966
732
308
1412
1207
1108
1696
1275
218
692
2142
1968
588
4163
856
600
108
1514
952
2562
1936
3466
1482
958
1365
424
1897
704
1488
2706
1732
1452
1983
2316
2769
3028
158
592
1149
681
4642
327
132
3960
193
1108
3008
1002
708
3929
436
652
996
238
2913
1676
835
1528
810
1152
498
966
1806
292
1038
1968
1872
1684
1575
288
1590
480
1464
2076
456
2310
2640
1636
3622
1388
1372
2796
2197
2958
1240
2892
951
185
2172
672
1231
624
1502
4163
296
1179
702
1767
622
996
1452
4194
120
764
558
1236
1025
1084
805
960
2697
228
3630
2283
456
2163
2895
848
548
603
548
3597
2120
345
788
2130
111
1388
2268
767
1974
1658
3586
2623
1248
2200
2622
1516
3780
2237
1875
758
510
1857
1348
594
2112
2430
747
1472
3128
2413
260
912
3504
238
1558
1091
2676
1458
1824
3747
948
1578
2100
3078
345
720
2334
1104
292
4376
732
113
2560
1782
1734
2860
1984
1348
1674
1290
817
3260
2760
1820
2804
380
970
1298
1035
848
1890
1338
308
590
2428
4992
2596
1986
66
2688
1316
2048
1860
284
784
366
2598
1002
608
3984
1224
1168
1364
376
432
1236
1252
2153
3702
1640
2895
504
1772
904
678
2804
986
452
539
4147
1128
1137
1194
561
564
2262
2448
2458
558
3274
674
